%YAML:1.0
---
K_0: !!opencv-matrix
   rows: 3
   cols: 3
   dt: d
   data: [ 1.4021509606041029e+03, 0., 6.3950000000000000e+02, 0.,
       1.4021509606041029e+03, 5.1150000000000000e+02, 0., 0., 1. ]
C_0: !!opencv-matrix
   rows: 1
   cols: 5
   dt: d
   data: [ -1.7769895471121736e-01, 6.1281462319752833e-01,
       -2.8698695807948312e-03, -2.0593859931411629e-05,
       -1.3681678718485737e+00 ]
K_1: !!opencv-matrix
   rows: 3
   cols: 3
   dt: d
   data: [ 1.4088114714136359e+03, 0., 6.3950000000000000e+02, 0.,
       1.4088114714136359e+03, 5.1150000000000000e+02, 0., 0., 1. ]
C_1: !!opencv-matrix
   rows: 1
   cols: 5
   dt: d
   data: [ -1.4807165929395791e-01, 3.2074735690170547e-01,
       -1.5028506144033524e-03, 1.5550844251144098e-03,
       -6.2424755127075537e-01 ]
R: !!opencv-matrix
   rows: 3
   cols: 3
   dt: d
   data: [ 9.9987488983866624e-01, 1.5440153673126978e-02,
       -3.4360332747651753e-03, -1.5448977245805700e-02,
       9.9987738944462179e-01, -2.5563997079296658e-03,
       3.3961407764766982e-03, 2.6091630762274374e-03,
       9.9999082920588223e-01 ]
T: !!opencv-matrix
   rows: 3
   cols: 1
   dt: d
   data: [ -1.9899920946114756e+02, 1.5417978055628259e+01,
       1.1082950200825273e+01 ]
